Sensor resistance (ohms) | -0.5 (0) (V) | Output (0) (V) | 0.5 (1) (V) | Output (1) (V)
10 | -0.5 | 0.10 | 0.5 | -0.10
11 | -0.5 | 0.11 | 0.5 | -0.11
12 | -0.5 | 0.12 | 0.5 | -0.12
13 | -0.5 | 0.13 | 0.5 | -0.13
14 | -0.5 | 0.14 | 0.5 | -0.14
15 | -0.5 | 0.15 | 0.5 | -0.15
16 | -0.5 | 0.16 | 0.5 | -0.16
17 | -0.5 | 0.17 | 0.5 | -0.17
18 | -0.5 | 0.18 | 0.5 | -0.18
19 | -0.5 | 0.19 | 0.5 | -0.19
20 | -0.5 | 0.20 | 0.5 | -0.20
21 | -0.5 | 0.21 | 0.5 | -0.21
22 | -0.5 | 0.22 | 0.5 | -0.22
23 | -0.5 | 0.23 | 0.5 | -0.23
24 | -0.5 | 0.24 | 0.5 | -0.24
25 | -0.5 | 0.25 | 0.5 | -0.25
26 | -0.5 | 0.26 | 0.5 | -0.26
27 | -0.5 | 0.27 | 0.5 | -0.27
28 | -0.5 | 0.28 | 0.5 | -0.28
29 | -0.5 | 0.29 | 0.5 | -0.29
30 | -0.5 | 0.30 | 0.5 | -0.30
31 | -0.5 | 0.31 | 0.5 | -0.31
32 | -0.5 | 0.32 | 0.5 | -0.32
33 | -0.5 | 0.33 | 0.5 | -0.33
34 | -0.5 | 0.34 | 0.5 | -0.34
35 | -0.5 | 0.35 | 0.5 | -0.35
36 | -0.5 | 0.36 | 0.5 | -0.36
37 | -0.5 | 0.37 | 0.5 | -0.37
38 | -0.5 | 0.38 | 0.5 | -0.38
39 | -0.5 | 0.39 | 0.5 | -0.39
40 | -0.5 | 0.40 | 0.5 | -0.40
41 | -0.5 | 0.41 | 0.5 | -0.41
42 | -0.5 | 0.42 | 0.5 | -0.42
43 | -0.5 | 0.43 | 0.5 | -0.43
44 | -0.5 | 0.44 | 0.5 | -0.44
45 | -0.5 | 0.45 | 0.5 | -0.45
46 | -0.5 | 0.46 | 0.5 | -0.46
47 | -0.5 | 0.47 | 0.5 | -0.47
48 | -0.5 | 0.48 | 0.5 | -0.48
49 | -0.5 | 0.49 | 0.5 | -0.49
50 | -0.5 | 0.50 | 0.5 | -0.50
51 | -0.5 | 0.51 | 0.5 | -0.51
52 | -0.5 | 0.52 | 0.5 | -0.52
53 | -0.5 | 0.53 | 0.5 | -0.53
54 | -0.5 | 0.54 | 0.5 | -0.54
55 | -0.5 | 0.55 | 0.5 | -0.55
56 | -0.5 | 0.56 | 0.5 | -0.56
57 | -0.5 | 0.57 | 0.5 | -0.57
58 | -0.5 | 0.58 | 0.5 | -0.58
59 | -0.5 | 0.59 | 0.5 | -0.59
60 | -0.5 | 0.60 | 0.5 | -0.60
61 | -0.5 | 0.61 | 0.5 | -0.61
62 | -0.5 | 0.62 | 0.5 | -0.62
63 | -0.5 | 0.63 | 0.5 | -0.63
64 | -0.5 | 0.64 | 0.5 | -0.64
65 | -0.5 | 0.65 | 0.5 | -0.65
66 | -0.5 | 0.66 | 0.5 | -0.66
67 | -0.5 | 0.67 | 0.5 | -0.67
68 | -0.5 | 0.68 | 0.5 | -0.68
69 | -0.5 | 0.69 | 0.5 | -0.69
70 | -0.5 | 0.70 | 0.5 | -0.70
71 | -0.5 | 0.71 | 0.5 | -0.71
72 | -0.5 | 0.72 | 0.5 | -0.72
73 | -0.5 | 0.73 | 0.5 | -0.73
74 | -0.5 | 0.74 | 0.5 | -0.74
75 | -0.5 | 0.75 | 0.5 | -0.75
76 | -0.5 | 0.76 | 0.5 | -0.76
77 | -0.5 | 0.77 | 0.5 | -0.77
78 | -0.5 | 0.78 | 0.5 | -0.78
79 | -0.5 | 0.79 | 0.5 | -0.79
80 | -0.5 | 0.80 | 0.5 | -0.80
81 | -0.5 | 0.81 | 0.5 | -0.81
82 | -0.5 | 0.82 | 0.5 | -0.82
83 | -0.5 | 0.83 | 0.5 | -0.83
84 | -0.5 | 0.84 | 0.5 | -0.84
85 | -0.5 | 0.85 | 0.5 | -0.85
86 | -0.5 | 0.86 | 0.5 | -0.86
87 | -0.5 | 0.87 | 0.5 | -0.87
88 | -0.5 | 0.88 | 0.5 | -0.88
89 | -0.5 | 0.89 | 0.5 | -0.89
90 | -0.5 | 0.90 | 0.5 | -0.90
91 | -0.5 | 0.91 | 0.5 | -0.91
92 | -0.5 | 0.92 | 0.5 | -0.92
93 | -0.5 | 0.93 | 0.5 | -0.93
94 | -0.5 | 0.94 | 0.5 | -0.94
95 | -0.5 | 0.95 | 0.5 | -0.95
96 | -0.5 | 0.96 | 0.5 | -0.96
97 | -0.5 | 0.97 | 0.5 | -0.97
98 | -0.5 | 0.98 | 0.5 | -0.98
99 | -0.5 | 0.99 | 0.5 | -0.99
100 | -0.5 | 1.00 | 0.5 | -1.00
101 | -0.5 | 1.01 | 0.5 | -1.01
102 | -0.5 | 1.02 | 0.5 | -1.02
103 | -0.5 | 1.03 | 0.5 | -1.03
104 | -0.5 | 1.04 | 0.5 | -1.04
105 | -0.5 | 1.05 | 0.5 | -1.05
106 | -0.5 | 1.06 | 0.5 | -1.06
107 | -0.5 | 1.07 | 0.5 | -1.07
108 | -0.5 | 1.08 | 0.5 | -1.08
109 | -0.5 | 1.09 | 0.5 | -1.09
110 | -0.5 | 1.10 | 0.5 | -1.10
111 | -0.5 | 1.11 | 0.5 | -1.11
112 | -0.5 | 1.12 | 0.5 | -1.12
113 | -0.5 | 1.13 | 0.5 | -1.13
114 | -0.5 | 1.14 | 0.5 | -1.14
115 | -0.5 | 1.15 | 0.5 | -1.15
116 | -0.5 | 1.16 | 0.5 | -1.16
117 | -0.5 | 1.17 | 0.5 | -1.17
118 | -0.5 | 1.18 | 0.5 | -1.18
119 | -0.5 | 1.19 | 0.5 | -1.19
120 | -0.5 | 1.20 | 0.5 | -1.20
121 | -0.5 | 1.21 | 0.5 | -1.21
122 | -0.5 | 1.22 | 0.5 | -1.22
123 | -0.5 | 1.23 | 0.5 | -1.23
124 | -0.5 | 1.24 | 0.5 | -1.24
125 | -0.5 | 1.25 | 0.5 | -1.25
126 | -0.5 | 1.26 | 0.5 | -1.26
127 | -0.5 | 1.27 | 0.5 | -1.27
128 | -0.5 | 1.28 | 0.5 | -1.28
129 | -0.5 | 1.29 | 0.5 | -1.29
130 | -0.5 | 1.30 | 0.5 | -1.30
131 | -0.5 | 1.31 | 0.5 | -1.31
132 | -0.5 | 1.32 | 0.5 | -1.32
133 | -0.5 | 1.33 | 0.5 | -1.33
134 | -0.5 | 1.34 | 0.5 | -1.34
135 | -0.5 | 1.35 | 0.5 | -1.35
136 | -0.5 | 1.36 | 0.5 | -1.36
137 | -0.5 | 1.37 | 0.5 | -1.37
138 | -0.5 | 1.38 | 0.5 | -1.38
139 | -0.5 | 1.39 | 0.5 | -1.39
140 | -0.5 | 1.40 | 0.5 | -1.40
141 | -0.5 | 1.41 | 0.5 | -1.41
142 | -0.5 | 1.42 | 0.5 | -1.42
143 | -0.5 | 1.43 | 0.5 | -1.43
144 | -0.5 | 1.44 | 0.5 | -1.44
145 | -0.5 | 1.45 | 0.5 | -1.45
146 | -0.5 | 1.46 | 0.5 | -1.46
147 | -0.5 | 1.47 | 0.5 | -1.47
148 | -0.5 | 1.48 | 0.5 | -1.48
149 | -0.5 | 1.49 | 0.5 | -1.49
150 | -0.5 | 1.50 | 0.5 | -1.50
151 | -0.5 | 1.51 | 0.5 | -1.51
152 | -0.5 | 1.52 | 0.5 | -1.52
153 | -0.5 | 1.53 | 0.5 | -1.53
154 | -0.5 | 1.54 | 0.5 | -1.54
155 | -0.5 | 1.55 | 0.5 | -1.55
156 | -0.5 | 1.56 | 0.5 | -1.56
157 | -0.5 | 1.57 | 0.5 | -1.57
158 | -0.5 | 1.58 | 0.5 | -1.58
159 | -0.5 | 1.59 | 0.5 | -1.59
160 | -0.5 | 1.60 | 0.5 | -1.60
161 | -0.5 | 1.61 | 0.5 | -1.61
162 | -0.5 | 1.62 | 0.5 | -1.62
163 | -0.5 | 1.63 | 0.5 | -1.63
164 | -0.5 | 1.64 | 0.5 | -1.64
165 | -0.5 | 1.65 | 0.5 | -1.65
166 | -0.5 | 1.66 | 0.5 | -1.66
167 | -0.5 | 1.67 | 0.5 | -1.67
168 | -0.5 | 1.68 | 0.5 | -1.68
169 | -0.5 | 1.69 | 0.5 | -1.69
170 | -0.5 | 1.70 | 0.5 | -1.70
171 | -0.5 | 1.71 | 0.5 | -1.71
172 | -0.5 | 1.72 | 0.5 | -1.72
173 | -0.5 | 1.73 | 0.5 | -1.73
174 | -0.5 | 1.74 | 0.5 | -1.74
175 | -0.5 | 1.75 | 0.5 | -1.75
176 | -0.5 | 1.76 | 0.5 | -1.76
177 | -0.5 | 1.77 | 0.5 | -1.77
178 | -0.5 | 1.78 | 0.5 | -1.78
179 | -0.5 | 1.79 | 0.5 | -1.79
180 | -0.5 | 1.80 | 0.5 | -1.80
181 | -0.5 | 1.81 | 0.5 | -1.81
182 | -0.5 | 1.82 | 0.5 | -1.82
183 | -0.5 | 1.83 | 0.5 | -1.83
184 | -0.5 | 1.84 | 0.5 | -1.84
185 | -0.5 | 1.85 | 0.5 | -1.85
186 | -0.5 | 1.86 | 0.5 | -1.86
187 | -0.5 | 1.87 | 0.5 | -1.87
188 | -0.5 | 1.88 | 0.5 | -1.88
189 | -0.5 | 1.89 | 0.5 | -1.89
190 | -0.5 | 1.90 | 0.5 | -1.90
191 | -0.5 | 1.91 | 0.5 | -1.91
192 | -0.5 | 1.92 | 0.5 | -1.92
193 | -0.5 | 1.93 | 0.5 | -1.93
194 | -0.5 | 1.94 | 0.5 | -1.94
195 | -0.5 | 1.95 | 0.5 | -1.95
196 | -0.5 | 1.96 | 0.5 | -1.96
197 | -0.5 | 1.97 | 0.5 | -1.97
198 | -0.5 | 1.98 | 0.5 | -1.98
199 | -0.5 | 1.99 | 0.5 | -1.99
200 | -0.5 | 2.00 | 0.5 | -2.00
201 | -0.5 | 2.01 | 0.5 | -2.01
202 | -0.5 | 2.02 | 0.5 | -2.02
203 | -0.5 | 2.03 | 0.5 | -2.03
204 | -0.5 | 2.04 | 0.5 | -2.04
205 | -0.5 | 2.05 | 0.5 | -2.05
206 | -0.5 | 2.06 | 0.5 | -2.06
207 | -0.5 | 2.07 | 0.5 | -2.07
208 | -0.5 | 2.08 | 0.5 | -2.08
209 | -0.5 | 2.09 | 0.5 | -2.09
210 | -0.5 | 2.10 | 0.5 | -2.10
211 | -0.5 | 2.11 | 0.5 | -2.11
212 | -0.5 | 2.12 | 0.5 | -2.12
213 | -0.5 | 2.13 | 0.5 | -2.13
214 | -0.5 | 2.14 | 0.5 | -2.14
215 | -0.5 | 2.15 | 0.5 | -2.15
216 | -0.5 | 2.16 | 0.5 | -2.16
217 | -0.5 | 2.17 | 0.5 | -2.17
218 | -0.5 | 2.18 | 0.5 | -2.18
219 | -0.5 | 2.19 | 0.5 | -2.19
220 | -0.5 | 2.20 | 0.5 | -2.20
221 | -0.5 | 2.21 | 0.5 | -2.21
222 | -0.5 | 2.22 | 0.5 | -2.22
223 | -0.5 | 2.23 | 0.5 | -2.23
224 | -0.5 | 2.24 | 0.5 | -2.24
225 | -0.5 | 2.25 | 0.5 | -2.25
226 | -0.5 | 2.26 | 0.5 | -2.26
227 | -0.5 | 2.27 | 0.5 | -2.27
228 | -0.5 | 2.28 | 0.5 | -2.28
229 | -0.5 | 2.29 | 0.5 | -2.29
230 | -0.5 | 2.30 | 0.5 | -2.30
231 | -0.5 | 2.31 | 0.5 | -2.31
232 | -0.5 | 2.32 | 0.5 | -2.32
233 | -0.5 | 2.33 | 0.5 | -2.33
234 | -0.5 | 2.34 | 0.5 | -2.34
235 | -0.5 | 2.35 | 0.5 | -2.35
236 | -0.5 | 2.36 | 0.5 | -2.36
237 | -0.5 | 2.37 | 0.5 | -2.37
238 | -0.5 | 2.38 | 0.5 | -2.38
239 | -0.5 | 2.39 | 0.5 | -2.39
240 | -0.5 | 2.40 | 0.5 | -2.40
241 | -0.5 | 2.41 | 0.5 | -2.41
242 | -0.5 | 2.42 | 0.5 | -2.42
243 | -0.5 | 2.43 | 0.5 | -2.43
244 | -0.5 | 2.44 | 0.5 | -2.44
245 | -0.5 | 2.45 | 0.5 | -2.45
246 | -0.5 | 2.46 | 0.5 | -2.46
247 | -0.5 | 2.47 | 0.5 | -2.47
248 | -0.5 | 2.48 | 0.5 | -2.48
249 | -0.5 | 2.49 | 0.5 | -2.49
250 | -0.5 | 2.50 | 0.5 | -2.50
251 | -0.5 | 2.51 | 0.5 | -2.51
252 | -0.5 | 2.52 | 0.5 | -2.52
253 | -0.5 | 2.53 | 0.5 | -2.53
254 | -0.5 | 2.54 | 0.5 | -2.54
255 | -0.5 | 2.55 | 0.5 | -2.55
256 | -0.5 | 2.56 | 0.5 | -2.56
257 | -0.5 | 2.57 | 0.5 | -2.57
258 | -0.5 | 2.58 | 0.5 | -2.58
259 | -0.5 | 2.59 | 0.5 | -2.59
260 | -0.5 | 2.60 | 0.5 | -2.60
261 | -0.5 | 2.61 | 0.5 | -2.61
262 | -0.5 | 2.62 | 0.5 | -2.62
263 | -0.5 | 2.63 | 0.5 | -2.63
264 | -0.5 | 2.64 | 0.5 | -2.64
265 | -0.5 | 2.65 | 0.5 | -2.65
266 | -0.5 | 2.66 | 0.5 | -2.66
267 | -0.5 | 2.67 | 0.5 | -2.67
268 | -0.5 | 2.68 | 0.5 | -2.68
269 | -0.5 | 2.69 | 0.5 | -2.69
270 | -0.5 | 2.70 | 0.5 | -2.70
271 | -0.5 | 2.71 | 0.5 | -2.71
272 | -0.5 | 2.72 | 0.5 | -2.72
273 | -0.5 | 2.73 | 0.5 | -2.73
274 | -0.5 | 2.74 | 0.5 | -2.74
275 | -0.5 | 2.75 | 0.5 | -2.75
276 | -0.5 | 2.76 | 0.5 | -2.76
277 | -0.5 | 2.77 | 0.5 | -2.77
278 | -0.5 | 2.78 | 0.5 | -2.78
279 | -0.5 | 2.79 | 0.5 | -2.79
280 | -0.5 | 2.80 | 0.5 | -2.80
281 | -0.5 | 2.81 | 0.5 | -2.81
282 | -0.5 | 2.82 | 0.5 | -2.82
283 | -0.5 | 2.83 | 0.5 | -2.83
284 | -0.5 | 2.84 | 0.5 | -2.84
285 | -0.5 | 2.85 | 0.5 | -2.85
286 | -0.5 | 2.86 | 0.5 | -2.86
287 | -0.5 | 2.87 | 0.5 | -2.87
288 | -0.5 | 2.88 | 0.5 | -2.88
289 | -0.5 | 2.89 | 0.5 | -2.89
290 | -0.5 | 2.90 | 0.5 | -2.90
291 | -0.5 | 2.91 | 0.5 | -2.91
292 | -0.5 | 2.92 | 0.5 | -2.92
293 | -0.5 | 2.93 | 0.5 | -2.93
294 | -0.5 | 2.94 | 0.5 | -2.94
295 | -0.5 | 2.95 | 0.5 | -2.95
296 | -0.5 | 2.96 | 0.5 | -2.96
297 | -0.5 | 2.97 | 0.5 | -2.97
298 | -0.5 | 2.98 | 0.5 | -2.98
299 | -0.5 | 2.99 | 0.5 | -2.99
300 | -0.5 | 3.00 | 0.5 | -3.00
301 | -0.5 | 3.01 | 0.5 | -3.01
302 | -0.5 | 3.02 | 0.5 | -3.02
303 | -0.5 | 3.03 | 0.5 | -3.03
304 | -0.5 | 3.04 | 0.5 | -3.04
305 | -0.5 | 3.05 | 0.5 | -3.05
306 | -0.5 | 3.06 | 0.5 | -3.06
307 | -0.5 | 3.07 | 0.5 | -3.07
308 | -0.5 | 3.08 | 0.5 | -3.08
309 | -0.5 | 3.09 | 0.5 | -3.09
310 | -0.5 | 3.10 | 0.5 | -3.10
311 | -0.5 | 3.11 | 0.5 | -3.11
312 | -0.5 | 3.12 | 0.5 | -3.12
313 | -0.5 | 3.13 | 0.5 | -3.13
314 | -0.5 | 3.14 | 0.5 | -3.14
315 | -0.5 | 3.15 | 0.5 | -3.15
316 | -0.5 | 3.16 | 0.5 | -3.16
317 | -0.5 | 3.17 | 0.5 | -3.17
318 | -0.5 | 3.18 | 0.5 | -3.18
319 | -0.5 | 3.19 | 0.5 | -3.19
320 | -0.5 | 3.20 | 0.5 | -3.20
321 | -0.5 | 3.21 | 0.5 | -3.21
322 | -0.5 | 3.22 | 0.5 | -3.22
323 | -0.5 | 3.23 | 0.5 | -3.23
324 | -0.5 | 3.24 | 0.5 | -3.24
325 | -0.5 | 3.25 | 0.5 | -3.25
326 | -0.5 | 3.26 | 0.5 | -3.26
327 | -0.5 | 3.27 | 0.5 | -3.27
328 | -0.5 | 3.28 | 0.5 | -3.28
329 | -0.5 | 3.29 | 0.5 | -3.29
330 | -0.5 | 3.30 | 0.5 | -3.30
331 | -0.5 | 3.31 | 0.5 | -3.31
332 | -0.5 | 3.32 | 0.5 | -3.32
333 | -0.5 | 3.33 | 0.5 | -3.33
334 | -0.5 | 3.34 | 0.5 | -3.34
335 | -0.5 | 3.35 | 0.5 | -3.35
336 | -0.5 | 3.36 | 0.5 | -3.36
337 | -0.5 | 3.37 | 0.5 | -3.37
338 | -0.5 | 3.38 | 0.5 | -3.38
339 | -0.5 | 3.39 | 0.5 | -3.39
340 | -0.5 | 3.40 | 0.5 | -3.40
341 | -0.5 | 3.41 | 0.5 | -3.41
342 | -0.5 | 3.42 | 0.5 | -3.42
343 | -0.5 | 3.43 | 0.5 | -3.43
344 | -0.5 | 3.44 | 0.5 | -3.44
345 | -0.5 | 3.45 | 0.5 | -3.45
346 | -0.5 | 3.46 | 0.5 | -3.46
347 | -0.5 | 3.47 | 0.5 | -3.47
348 | -0.5 | 3.48 | 0.5 | -3.48
349 | -0.5 | 3.49 | 0.5 | -3.49
350 | -0.5 | 3.50 | 0.5 | -3.50
351 | -0.5 | 3.51 | 0.5 | -3.51
352 | -0.5 | 3.52 | 0.5 | -3.52
353 | -0.5 | 3.53 | 0.5 | -3.53
354 | -0.5 | 3.54 | 0.5 | -3.54
355 | -0.5 | 3.55 | 0.5 | -3.55
356 | -0.5 | 3.56 | 0.5 | -3.56
357 | -0.5 | 3.57 | 0.5 | -3.57
358 | -0.5 | 3.58 | 0.5 | -3.58
359 | -0.5 | 3.59 | 0.5 | -3.59
360 | -0.5 | 3.60 | 0.5 | -3.60
361 | -0.5 | 3.61 | 0.5 | -3.61
362 | -0.5 | 3.62 | 0.5 | -3.62
363 | -0.5 | 3.63 | 0.5 | -3.63
364 | -0.5 | 3.64 | 0.5 | -3.64
365 | -0.5 | 3.65 | 0.5 | -3.65
366 | -0.5 | 3.66 | 0.5 | -3.66
367 | -0.5 | 3.67 | 0.5 | -3.67
368 | -0.5 | 3.68 | 0.5 | -3.68
369 | -0.5 | 3.69 | 0.5 | -3.69
370 | -0.5 | 3.70 | 0.5 | -3.70
371 | -0.5 | 3.71 | 0.5 | -3.71
372 | -0.5 | 3.72 | 0.5 | -3.72
373 | -0.5 | 3.73 | 0.5 | -3.73
374 | -0.5 | 3.74 | 0.5 | -3.74
375 | -0.5 | 3.75 | 0.5 | -3.75
376 | -0.5 | 3.76 | 0.5 | -3.76
377 | -0.5 | 3.77 | 0.5 | -3.77
378 | -0.5 | 3.78 | 0.5 | -3.78
379 | -0.5 | 3.79 | 0.5 | -3.79
380 | -0.5 | 3.80 | 0.5 | -3.80
381 | -0.5 | 3.81 | 0.5 | -3.81
382 | -0.5 | 3.82 | 0.5 | -3.82
383 | -0.5 | 3.83 | 0.5 | -3.83
384 | -0.5 | 3.84 | 0.5 | -3.84
385 | -0.5 | 3.85 | 0.5 | -3.85
386 | -0.5 | 3.86 | 0.5 | -3.86
387 | -0.5 | 3.87 | 0.5 | -3.87
388 | -0.5 | 3.88 | 0.5 | -3.88
389 | -0.5 | 3.89 | 0.5 | -3.89
390 | -0.5 | 3.90 | 0.5 | -3.90
391 | -0.5 | 3.91 | 0.5 | -3.91
392 | -0.5 | 3.92 | 0.5 | -3.92
393 | -0.5 | 3.93 | 0.5 | -3.93
394 | -0.5 | 3.94 | 0.5 | -3.94
395 | -0.5 | 3.95 | 0.5 | -3.95
396 | -0.5 | 3.96 | 0.5 | -3.96
397 | -0.5 | 3.97 | 0.5 | -3.97
398 | -0.5 | 3.98 | 0.5 | -3.98
399 | -0.5 | 3.99 | 0.5 | -3.99
400 | -0.5 | 4.00 | 0.5 | -4.00
