Sensor resistance (ohms) | -0.5 (0) (V) | Output (0) (V) | 0.5 (1) (V) | Output (1) (V)
10 | -0.5 | 0.20 | 0.5 | -0.20
11 | -0.5 | 0.22 | 0.5 | -0.22
12 | -0.5 | 0.24 | 0.5 | -0.24
13 | -0.5 | 0.26 | 0.5 | -0.26
14 | -0.5 | 0.28 | 0.5 | -0.28
15 | -0.5 | 0.30 | 0.5 | -0.30
16 | -0.5 | 0.32 | 0.5 | -0.32
17 | -0.5 | 0.34 | 0.5 | -0.34
18 | -0.5 | 0.36 | 0.5 | -0.36
19 | -0.5 | 0.38 | 0.5 | -0.38
20 | -0.5 | 0.40 | 0.5 | -0.40
21 | -0.5 | 0.42 | 0.5 | -0.42
22 | -0.5 | 0.44 | 0.5 | -0.44
23 | -0.5 | 0.46 | 0.5 | -0.46
24 | -0.5 | 0.48 | 0.5 | -0.48
25 | -0.5 | 0.50 | 0.5 | -0.50
26 | -0.5 | 0.52 | 0.5 | -0.52
27 | -0.5 | 0.54 | 0.5 | -0.54
28 | -0.5 | 0.56 | 0.5 | -0.56
29 | -0.5 | 0.58 | 0.5 | -0.58
30 | -0.5 | 0.60 | 0.5 | -0.60
31 | -0.5 | 0.62 | 0.5 | -0.62
32 | -0.5 | 0.64 | 0.5 | -0.64
33 | -0.5 | 0.66 | 0.5 | -0.66
34 | -0.5 | 0.68 | 0.5 | -0.68
35 | -0.5 | 0.70 | 0.5 | -0.70
36 | -0.5 | 0.72 | 0.5 | -0.72
37 | -0.5 | 0.74 | 0.5 | -0.74
38 | -0.5 | 0.76 | 0.5 | -0.76
39 | -0.5 | 0.78 | 0.5 | -0.78
40 | -0.5 | 0.80 | 0.5 | -0.80
41 | -0.5 | 0.82 | 0.5 | -0.82
42 | -0.5 | 0.84 | 0.5 | -0.84
43 | -0.5 | 0.86 | 0.5 | -0.86
44 | -0.5 | 0.88 | 0.5 | -0.88
45 | -0.5 | 0.90 | 0.5 | -0.90
46 | -0.5 | 0.92 | 0.5 | -0.92
47 | -0.5 | 0.94 | 0.5 | -0.94
48 | -0.5 | 0.96 | 0.5 | -0.96
49 | -0.5 | 0.98 | 0.5 | -0.98
50 | -0.5 | 1.00 | 0.5 | -1.00
51 | -0.5 | 1.02 | 0.5 | -1.02
52 | -0.5 | 1.04 | 0.5 | -1.04
53 | -0.5 | 1.06 | 0.5 | -1.06
54 | -0.5 | 1.08 | 0.5 | -1.08
55 | -0.5 | 1.10 | 0.5 | -1.10
56 | -0.5 | 1.12 | 0.5 | -1.12
57 | -0.5 | 1.14 | 0.5 | -1.14
58 | -0.5 | 1.16 | 0.5 | -1.16
59 | -0.5 | 1.18 | 0.5 | -1.18
60 | -0.5 | 1.20 | 0.5 | -1.20
61 | -0.5 | 1.22 | 0.5 | -1.22
62 | -0.5 | 1.24 | 0.5 | -1.24
63 | -0.5 | 1.26 | 0.5 | -1.26
64 | -0.5 | 1.28 | 0.5 | -1.28
65 | -0.5 | 1.30 | 0.5 | -1.30
66 | -0.5 | 1.32 | 0.5 | -1.32
67 | -0.5 | 1.34 | 0.5 | -1.34
68 | -0.5 | 1.36 | 0.5 | -1.36
69 | -0.5 | 1.38 | 0.5 | -1.38
70 | -0.5 | 1.40 | 0.5 | -1.40
71 | -0.5 | 1.42 | 0.5 | -1.42
72 | -0.5 | 1.44 | 0.5 | -1.44
73 | -0.5 | 1.46 | 0.5 | -1.46
74 | -0.5 | 1.48 | 0.5 | -1.48
75 | -0.5 | 1.50 | 0.5 | -1.50
76 | -0.5 | 1.52 | 0.5 | -1.52
77 | -0.5 | 1.54 | 0.5 | -1.54
78 | -0.5 | 1.56 | 0.5 | -1.56
79 | -0.5 | 1.58 | 0.5 | -1.58
80 | -0.5 | 1.60 | 0.5 | -1.60
81 | -0.5 | 1.62 | 0.5 | -1.62
82 | -0.5 | 1.64 | 0.5 | -1.64
83 | -0.5 | 1.66 | 0.5 | -1.66
84 | -0.5 | 1.68 | 0.5 | -1.68
85 | -0.5 | 1.70 | 0.5 | -1.70
86 | -0.5 | 1.72 | 0.5 | -1.72
87 | -0.5 | 1.74 | 0.5 | -1.74
88 | -0.5 | 1.76 | 0.5 | -1.76
89 | -0.5 | 1.78 | 0.5 | -1.78
90 | -0.5 | 1.80 | 0.5 | -1.80
91 | -0.5 | 1.82 | 0.5 | -1.82
92 | -0.5 | 1.84 | 0.5 | -1.84
93 | -0.5 | 1.86 | 0.5 | -1.86
94 | -0.5 | 1.88 | 0.5 | -1.88
95 | -0.5 | 1.90 | 0.5 | -1.90
96 | -0.5 | 1.92 | 0.5 | -1.92
97 | -0.5 | 1.94 | 0.5 | -1.94
98 | -0.5 | 1.96 | 0.5 | -1.96
99 | -0.5 | 1.98 | 0.5 | -1.98
100 | -0.5 | 2.00 | 0.5 | -2.00
101 | -0.5 | 2.02 | 0.5 | -2.02
102 | -0.5 | 2.04 | 0.5 | -2.04
103 | -0.5 | 2.06 | 0.5 | -2.06
104 | -0.5 | 2.08 | 0.5 | -2.08
105 | -0.5 | 2.10 | 0.5 | -2.10
106 | -0.5 | 2.12 | 0.5 | -2.12
107 | -0.5 | 2.14 | 0.5 | -2.14
108 | -0.5 | 2.16 | 0.5 | -2.16
109 | -0.5 | 2.18 | 0.5 | -2.18
110 | -0.5 | 2.20 | 0.5 | -2.20
111 | -0.5 | 2.22 | 0.5 | -2.22
112 | -0.5 | 2.24 | 0.5 | -2.24
113 | -0.5 | 2.26 | 0.5 | -2.26
114 | -0.5 | 2.28 | 0.5 | -2.28
115 | -0.5 | 2.30 | 0.5 | -2.30
116 | -0.5 | 2.32 | 0.5 | -2.32
117 | -0.5 | 2.34 | 0.5 | -2.34
118 | -0.5 | 2.36 | 0.5 | -2.36
119 | -0.5 | 2.38 | 0.5 | -2.38
120 | -0.5 | 2.40 | 0.5 | -2.40
121 | -0.5 | 2.42 | 0.5 | -2.42
122 | -0.5 | 2.44 | 0.5 | -2.44
123 | -0.5 | 2.46 | 0.5 | -2.46
124 | -0.5 | 2.48 | 0.5 | -2.48
125 | -0.5 | 2.50 | 0.5 | -2.50
126 | -0.5 | 2.52 | 0.5 | -2.52
127 | -0.5 | 2.54 | 0.5 | -2.54
128 | -0.5 | 2.56 | 0.5 | -2.56
129 | -0.5 | 2.58 | 0.5 | -2.58
130 | -0.5 | 2.60 | 0.5 | -2.60
131 | -0.5 | 2.62 | 0.5 | -2.62
132 | -0.5 | 2.64 | 0.5 | -2.64
133 | -0.5 | 2.66 | 0.5 | -2.66
134 | -0.5 | 2.68 | 0.5 | -2.68
135 | -0.5 | 2.70 | 0.5 | -2.70
136 | -0.5 | 2.72 | 0.5 | -2.72
137 | -0.5 | 2.74 | 0.5 | -2.74
138 | -0.5 | 2.76 | 0.5 | -2.76
139 | -0.5 | 2.78 | 0.5 | -2.78
140 | -0.5 | 2.80 | 0.5 | -2.80
141 | -0.5 | 2.82 | 0.5 | -2.82
142 | -0.5 | 2.84 | 0.5 | -2.84
143 | -0.5 | 2.86 | 0.5 | -2.86
144 | -0.5 | 2.88 | 0.5 | -2.88
145 | -0.5 | 2.90 | 0.5 | -2.90
146 | -0.5 | 2.92 | 0.5 | -2.92
147 | -0.5 | 2.94 | 0.5 | -2.94
148 | -0.5 | 2.96 | 0.5 | -2.96
149 | -0.5 | 2.98 | 0.5 | -2.98
150 | -0.5 | 3.00 | 0.5 | -3.00
151 | -0.5 | 3.02 | 0.5 | -3.02
152 | -0.5 | 3.04 | 0.5 | -3.04
153 | -0.5 | 3.06 | 0.5 | -3.06
154 | -0.5 | 3.08 | 0.5 | -3.08
155 | -0.5 | 3.10 | 0.5 | -3.10
156 | -0.5 | 3.12 | 0.5 | -3.12
157 | -0.5 | 3.14 | 0.5 | -3.14
158 | -0.5 | 3.16 | 0.5 | -3.16
159 | -0.5 | 3.18 | 0.5 | -3.18
160 | -0.5 | 3.20 | 0.5 | -3.20
161 | -0.5 | 3.22 | 0.5 | -3.22
162 | -0.5 | 3.24 | 0.5 | -3.24
163 | -0.5 | 3.26 | 0.5 | -3.26
164 | -0.5 | 3.28 | 0.5 | -3.28
165 | -0.5 | 3.30 | 0.5 | -3.30
166 | -0.5 | 3.32 | 0.5 | -3.32
167 | -0.5 | 3.34 | 0.5 | -3.34
168 | -0.5 | 3.36 | 0.5 | -3.36
169 | -0.5 | 3.38 | 0.5 | -3.38
170 | -0.5 | 3.40 | 0.5 | -3.40
171 | -0.5 | 3.42 | 0.5 | -3.42
172 | -0.5 | 3.44 | 0.5 | -3.44
173 | -0.5 | 3.46 | 0.5 | -3.46
174 | -0.5 | 3.48 | 0.5 | -3.48
175 | -0.5 | 3.50 | 0.5 | -3.50
176 | -0.5 | 3.52 | 0.5 | -3.52
177 | -0.5 | 3.54 | 0.5 | -3.54
178 | -0.5 | 3.56 | 0.5 | -3.56
179 | -0.5 | 3.58 | 0.5 | -3.58
180 | -0.5 | 3.60 | 0.5 | -3.60
181 | -0.5 | 3.62 | 0.5 | -3.62
182 | -0.5 | 3.64 | 0.5 | -3.64
183 | -0.5 | 3.66 | 0.5 | -3.66
184 | -0.5 | 3.68 | 0.5 | -3.68
185 | -0.5 | 3.70 | 0.5 | -3.70
186 | -0.5 | 3.72 | 0.5 | -3.72
187 | -0.5 | 3.74 | 0.5 | -3.74
188 | -0.5 | 3.76 | 0.5 | -3.76
189 | -0.5 | 3.78 | 0.5 | -3.78
190 | -0.5 | 3.80 | 0.5 | -3.80
191 | -0.5 | 3.82 | 0.5 | -3.82
192 | -0.5 | 3.84 | 0.5 | -3.84
193 | -0.5 | 3.86 | 0.5 | -3.86
194 | -0.5 | 3.88 | 0.5 | -3.88
195 | -0.5 | 3.90 | 0.5 | -3.90
196 | -0.5 | 3.92 | 0.5 | -3.92
197 | -0.5 | 3.94 | 0.5 | -3.94
198 | -0.5 | 3.96 | 0.5 | -3.96
199 | -0.5 | 3.98 | 0.5 | -3.98
200 | -0.5 | 4.00 | 0.5 | -4.00
201 | -0.5 | 4.02 | 0.5 | -4.02
202 | -0.5 | 4.04 | 0.5 | -4.04
203 | -0.5 | 4.06 | 0.5 | -4.06
204 | -0.5 | 4.08 | 0.5 | -4.08
205 | -0.5 | 4.10 | 0.5 | -4.10
206 | -0.5 | 4.12 | 0.5 | -4.12
207 | -0.5 | 4.14 | 0.5 | -4.14
208 | -0.5 | 4.16 | 0.5 | -4.16
209 | -0.5 | 4.18 | 0.5 | -4.18
210 | -0.5 | 4.20 | 0.5 | -4.20
211 | -0.5 | 4.22 | 0.5 | -4.22
212 | -0.5 | 4.24 | 0.5 | -4.24
213 | -0.5 | 4.26 | 0.5 | -4.26
214 | -0.5 | 4.28 | 0.5 | -4.28
215 | -0.5 | 4.30 | 0.5 | -4.30
216 | -0.5 | 4.32 | 0.5 | -4.32
217 | -0.5 | 4.34 | 0.5 | -4.34
218 | -0.5 | 4.36 | 0.5 | -4.36
219 | -0.5 | 4.38 | 0.5 | -4.38
220 | -0.5 | 4.40 | 0.5 | -4.40
221 | -0.5 | 4.42 | 0.5 | -4.42
222 | -0.5 | 4.44 | 0.5 | -4.44
223 | -0.5 | 4.46 | 0.5 | -4.46
224 | -0.5 | 4.48 | 0.5 | -4.48
225 | -0.5 | 4.50 | 0.5 | -4.50
226 | -0.5 | 4.52 | 0.5 | -4.52
227 | -0.5 | 4.54 | 0.5 | -4.54
228 | -0.5 | 4.56 | 0.5 | -4.56
229 | -0.5 | 4.58 | 0.5 | -4.58
230 | -0.5 | 4.60 | 0.5 | -4.60
231 | -0.5 | 4.62 | 0.5 | -4.62
232 | -0.5 | 4.64 | 0.5 | -4.64
233 | -0.5 | 4.66 | 0.5 | -4.66
234 | -0.5 | 4.68 | 0.5 | -4.68
235 | -0.5 | 4.70 | 0.5 | -4.70
236 | -0.5 | 4.72 | 0.5 | -4.72
237 | -0.5 | 4.74 | 0.5 | -4.74
238 | -0.5 | 4.76 | 0.5 | -4.76
239 | -0.5 | 4.78 | 0.5 | -4.78
240 | -0.5 | 4.80 | 0.5 | -4.80
241 | -0.5 | 4.82 | 0.5 | -4.82
242 | -0.5 | 4.84 | 0.5 | -4.84
243 | -0.5 | 4.86 | 0.5 | -4.86
244 | -0.5 | 4.88 | 0.5 | -4.88
245 | -0.5 | 4.90 | 0.5 | -4.90
246 | -0.5 | 4.92 | 0.5 | -4.92
247 | -0.5 | 4.94 | 0.5 | -4.94
248 | -0.5 | 4.96 | 0.5 | -4.96
249 | -0.5 | 4.98 | 0.5 | -4.98
250 | -0.5 | 5.00 | 0.5 | -5.00
251 | -0.5 | 5.02 | 0.5 | -5.02
252 | -0.5 | 5.04 | 0.5 | -5.04
253 | -0.5 | 5.06 | 0.5 | -5.06
254 | -0.5 | 5.08 | 0.5 | -5.08
255 | -0.5 | 5.10 | 0.5 | -5.10
256 | -0.5 | 5.12 | 0.5 | -5.12
257 | -0.5 | 5.14 | 0.5 | -5.14
258 | -0.5 | 5.16 | 0.5 | -5.16
259 | -0.5 | 5.18 | 0.5 | -5.18
260 | -0.5 | 5.20 | 0.5 | -5.20
261 | -0.5 | 5.22 | 0.5 | -5.22
262 | -0.5 | 5.24 | 0.5 | -5.24
263 | -0.5 | 5.26 | 0.5 | -5.26
264 | -0.5 | 5.28 | 0.5 | -5.28
265 | -0.5 | 5.30 | 0.5 | -5.30
266 | -0.5 | 5.32 | 0.5 | -5.32
267 | -0.5 | 5.34 | 0.5 | -5.34
268 | -0.5 | 5.36 | 0.5 | -5.36
269 | -0.5 | 5.38 | 0.5 | -5.38
270 | -0.5 | 5.40 | 0.5 | -5.40
271 | -0.5 | 5.42 | 0.5 | -5.42
272 | -0.5 | 5.44 | 0.5 | -5.44
273 | -0.5 | 5.46 | 0.5 | -5.46
274 | -0.5 | 5.48 | 0.5 | -5.48
275 | -0.5 | 5.50 | 0.5 | -5.50
276 | -0.5 | 5.52 | 0.5 | -5.52
277 | -0.5 | 5.54 | 0.5 | -5.54
278 | -0.5 | 5.56 | 0.5 | -5.56
279 | -0.5 | 5.58 | 0.5 | -5.58
280 | -0.5 | 5.60 | 0.5 | -5.60
281 | -0.5 | 5.62 | 0.5 | -5.62
282 | -0.5 | 5.64 | 0.5 | -5.64
283 | -0.5 | 5.66 | 0.5 | -5.66
284 | -0.5 | 5.68 | 0.5 | -5.68
285 | -0.5 | 5.70 | 0.5 | -5.70
286 | -0.5 | 5.72 | 0.5 | -5.72
287 | -0.5 | 5.74 | 0.5 | -5.74
288 | -0.5 | 5.76 | 0.5 | -5.76
289 | -0.5 | 5.78 | 0.5 | -5.78
290 | -0.5 | 5.80 | 0.5 | -5.80
291 | -0.5 | 5.82 | 0.5 | -5.82
292 | -0.5 | 5.84 | 0.5 | -5.84
293 | -0.5 | 5.86 | 0.5 | -5.86
294 | -0.5 | 5.88 | 0.5 | -5.88
295 | -0.5 | 5.90 | 0.5 | -5.90
296 | -0.5 | 5.92 | 0.5 | -5.92
297 | -0.5 | 5.94 | 0.5 | -5.94
298 | -0.5 | 5.96 | 0.5 | -5.96
299 | -0.5 | 5.98 | 0.5 | -5.98
300 | -0.5 | 6.00 | 0.5 | -6.00
301 | -0.5 | 6.02 | 0.5 | -6.02
302 | -0.5 | 6.04 | 0.5 | -6.04
303 | -0.5 | 6.06 | 0.5 | -6.06
304 | -0.5 | 6.08 | 0.5 | -6.08
305 | -0.5 | 6.10 | 0.5 | -6.10
306 | -0.5 | 6.12 | 0.5 | -6.12
307 | -0.5 | 6.14 | 0.5 | -6.14
308 | -0.5 | 6.16 | 0.5 | -6.16
309 | -0.5 | 6.18 | 0.5 | -6.18
310 | -0.5 | 6.20 | 0.5 | -6.20
311 | -0.5 | 6.22 | 0.5 | -6.22
312 | -0.5 | 6.24 | 0.5 | -6.24
313 | -0.5 | 6.26 | 0.5 | -6.26
314 | -0.5 | 6.28 | 0.5 | -6.28
315 | -0.5 | 6.30 | 0.5 | -6.30
316 | -0.5 | 6.32 | 0.5 | -6.32
317 | -0.5 | 6.34 | 0.5 | -6.34
318 | -0.5 | 6.36 | 0.5 | -6.36
319 | -0.5 | 6.38 | 0.5 | -6.38
320 | -0.5 | 6.40 | 0.5 | -6.40
321 | -0.5 | 6.42 | 0.5 | -6.42
322 | -0.5 | 6.44 | 0.5 | -6.44
323 | -0.5 | 6.46 | 0.5 | -6.46
324 | -0.5 | 6.48 | 0.5 | -6.48
325 | -0.5 | 6.50 | 0.5 | -6.50
326 | -0.5 | 6.52 | 0.5 | -6.52
327 | -0.5 | 6.54 | 0.5 | -6.54
328 | -0.5 | 6.56 | 0.5 | -6.56
329 | -0.5 | 6.58 | 0.5 | -6.58
330 | -0.5 | 6.60 | 0.5 | -6.60
331 | -0.5 | 6.62 | 0.5 | -6.62
332 | -0.5 | 6.64 | 0.5 | -6.64
333 | -0.5 | 6.66 | 0.5 | -6.66
334 | -0.5 | 6.68 | 0.5 | -6.68
335 | -0.5 | 6.70 | 0.5 | -6.70
336 | -0.5 | 6.72 | 0.5 | -6.72
337 | -0.5 | 6.74 | 0.5 | -6.74
338 | -0.5 | 6.76 | 0.5 | -6.76
339 | -0.5 | 6.78 | 0.5 | -6.78
340 | -0.5 | 6.80 | 0.5 | -6.80
341 | -0.5 | 6.82 | 0.5 | -6.82
342 | -0.5 | 6.84 | 0.5 | -6.84
343 | -0.5 | 6.86 | 0.5 | -6.86
344 | -0.5 | 6.88 | 0.5 | -6.88
345 | -0.5 | 6.90 | 0.5 | -6.90
346 | -0.5 | 6.92 | 0.5 | -6.92
347 | -0.5 | 6.94 | 0.5 | -6.94
348 | -0.5 | 6.96 | 0.5 | -6.96
349 | -0.5 | 6.98 | 0.5 | -6.98
350 | -0.5 | 7.00 | 0.5 | -7.00
351 | -0.5 | 7.02 | 0.5 | -7.02
352 | -0.5 | 7.04 | 0.5 | -7.04
353 | -0.5 | 7.06 | 0.5 | -7.06
354 | -0.5 | 7.08 | 0.5 | -7.08
355 | -0.5 | 7.10 | 0.5 | -7.10
356 | -0.5 | 7.12 | 0.5 | -7.12
357 | -0.5 | 7.14 | 0.5 | -7.14
358 | -0.5 | 7.16 | 0.5 | -7.16
359 | -0.5 | 7.18 | 0.5 | -7.18
360 | -0.5 | 7.20 | 0.5 | -7.20
361 | -0.5 | 7.22 | 0.5 | -7.22
362 | -0.5 | 7.24 | 0.5 | -7.24
363 | -0.5 | 7.26 | 0.5 | -7.26
364 | -0.5 | 7.28 | 0.5 | -7.28
365 | -0.5 | 7.30 | 0.5 | -7.30
366 | -0.5 | 7.32 | 0.5 | -7.32
367 | -0.5 | 7.34 | 0.5 | -7.34
368 | -0.5 | 7.36 | 0.5 | -7.36
369 | -0.5 | 7.38 | 0.5 | -7.38
370 | -0.5 | 7.40 | 0.5 | -7.40
371 | -0.5 | 7.42 | 0.5 | -7.42
372 | -0.5 | 7.44 | 0.5 | -7.44
373 | -0.5 | 7.46 | 0.5 | -7.46
374 | -0.5 | 7.48 | 0.5 | -7.48
375 | -0.5 | 7.50 | 0.5 | -7.50
376 | -0.5 | 7.52 | 0.5 | -7.52
377 | -0.5 | 7.54 | 0.5 | -7.54
378 | -0.5 | 7.56 | 0.5 | -7.56
379 | -0.5 | 7.58 | 0.5 | -7.58
380 | -0.5 | 7.60 | 0.5 | -7.60
381 | -0.5 | 7.62 | 0.5 | -7.62
382 | -0.5 | 7.64 | 0.5 | -7.64
383 | -0.5 | 7.66 | 0.5 | -7.66
384 | -0.5 | 7.68 | 0.5 | -7.68
385 | -0.5 | 7.70 | 0.5 | -7.70
386 | -0.5 | 7.72 | 0.5 | -7.72
387 | -0.5 | 7.74 | 0.5 | -7.74
388 | -0.5 | 7.76 | 0.5 | -7.76
389 | -0.5 | 7.78 | 0.5 | -7.78
390 | -0.5 | 7.80 | 0.5 | -7.80
391 | -0.5 | 7.82 | 0.5 | -7.82
392 | -0.5 | 7.84 | 0.5 | -7.84
393 | -0.5 | 7.86 | 0.5 | -7.86
394 | -0.5 | 7.88 | 0.5 | -7.88
395 | -0.5 | 7.90 | 0.5 | -7.90
396 | -0.5 | 7.92 | 0.5 | -7.92
397 | -0.5 | 7.94 | 0.5 | -7.94
398 | -0.5 | 7.96 | 0.5 | -7.96
399 | -0.5 | 7.98 | 0.5 | -7.98
400 | -0.5 | 8.00 | 0.5 | -8.00
